A = [10 4195.45096120812;20 4184.79822130854;30 4180.02378922596;40 4178.55586143537;50 4179.55707109898;60 4182.76650443004;70 4188.09795706686;80 4195.51846332780;90 4205.02459981002;100 2074.10855458011;110 2039.92071342033;120 2018.71618792249;130 2003.91383444303;140 1993.25146016238;150 1985.65899877178;160 1980.47140424456;170 1977.20976705737;180 1975.50735102677;190 1975.07630182462;200 1975.68809182764];

        t = 0:1:100;
        dref = [4.2177;4.2141;4.2107;4.2077;4.2048;4.2022;4.1999;4.1977; ...
            4.1957;4.1939;4.1922;4.1907;4.1893;4.1880;4.1869;4.1858;4.1849; ...
            4.1840;4.1832;4.1825;4.1819;4.1813;4.1808;4.1804;4.1800;4.1796; ...
            4.1793;4.1790;4.1788;4.1786;4.1785;4.1784;4.1783;4.1783;4.1782; ...
            4.1782;4.1783;4.1783;4.1784;4.1785;4.1786;4.1787;4.1789;4.1791; ...
            4.1792;4.1795;4.1797;4.1799;4.1802;4.1804;4.1807;4.1810;4.1814; ...
            4.1817;4.1820;4.1824;4.1828;4.1832;4.1836;4.1840;4.1844;4.1849; ...
            4.1853;4.1858;4.1863;4.1868;4.1874;4.1879;4.1885;4.1890;4.1896; ...
            4.1902;4.1908;4.1915;4.1921;4.1928;4.1935;4.1942;4.1949;4.1957; ...
            4.1964;4.1972;4.1980;4.1988;4.1997;4.2005;4.2014;4.2023;4.2032; ...
            4.2042;4.2051;4.2061;4.2071;4.2081;4.2092;4.2103;4.2114;4.2125; ...
            4.2136;4.2148;4.216];
