%Enthalpie für Ethylenglykol
%°C und Wasseranteil
%         1.0     0.9     0.8     0.7     0.6     0.5     0.4     0.3     0.2	0.1 	0.0
% 15.6	505.6	327.6	290.3	321.6	356.0	419.1	504.0	639.4	717.5	838.3	957.3
% 26.7    806.0	732.0	728.5	797.0	852.4	954.3	1074.4	1245.0	1352.3	1501.9	1663.9
% 37.8    1226.4	1140.0	1172.7	1279.2	1359.4	1503.9	1659.2	1867.6	2006.5	2184.7	2389.3
% 48.9    1586.8	1551.4	1622.7	1769.4	1877.0	2064.0	2257.6	2505.4	2677.5	2884.5	3133.7
% 60      1947.2	1968.0	2078.9	2267.4	2404.6	2637.6	2870.2	3158.8	3364.5	3603.5	3896.3
% 71.1    2307.6	2386.0	2542.1	2773.0	2942.6	3225.2	3497.8	3828.6	4099.5	4340.7	4679.3
% 82.2                                    3940.8	3825.0	4139.6	4514.2	4822.7	5096.9	5482.5
% 93.3                                                            5216.6	5563.3	5872.7	6304.1
% 104.4                                                           5935.8	6320.9	6666.5	7147.7
% 115.6                                                                           7746.1	8017.7
% 126.7                                                                           3603.1	8904.7
% 137.8                                                                           9476.5	9812.3
% 148.9                                                                           10366.5	10738.3
% 160                                                                                     11683.5
% 

%Sortierte Werte
Ten=[15.6	26.7	37.8	48.9	60	71.1	15.6	26.7	37.8	48.9	60	71.1	15.6	26.7	37.8	48.9	60	71.1	15.6	26.7	37.8	48.9	60	71.1	15.6	26.7	37.8	48.9	60	71.1	82.2	15.6	26.7	37.8	48.9	60	71.1	82.2	15.6	26.7	37.8	48.9	60	71.1	82.2	15.6	26.7	37.8	48.9	60	71.1	82.2	93.3	104.4	15.6	26.7	37.8	48.9	60	71.1	82.2	93.3	104.4	15.6	26.7	37.8	48.9	60	71.1	82.2	93.3	104.4	115.6	126.7	137.8	148.9	15.6	26.7	37.8	48.9	60	71.1	82.2	93.3	104.4	115.6	126.7	137.8	148.9	160];
xi=[1	1	1	1	1	1	0.9	0.9	0.9	0.9	0.9	0.9	0.8	0.8	0.8	0.8	0.8	0.8	0.7	0.7	0.7	0.7	0.7	0.7	0.6	0.6	0.6	0.6	0.6	0.6	0.6	0.5	0.5	0.5	0.5	0.5	0.5	0.5	0.4	0.4	0.4	0.4	0.4	0.4	0.4	0.3	0.3	0.3	0.3	0.3	0.3	0.3	0.3	0.3	0.2	0.2	0.2	0.2	0.2	0.2	0.2	0.2	0.2	0.1	0.1	0.1	0.1	0.1	0.1	0.1	0.1	0.1	0.1	0.1	0.1	0.1	0	0	0	0	0	0	0	0	0	0	0	0	0	0];
enth=[505.6	806	1226.4	1586.8	1947.2	2307.6	327.6	732	1140	1551.4	1968	2386	290.3	728.5	1172.7	1622.7	2078.9	2542.1	321.6	797	1279.2	1769.4	2267.4	2773	356	852.4	1359.4	1877	2404.6	2942.6	3940.8	419.1	954.3	1503.9	2064	2637.6	3225.2	3825	504	1074.4	1659.2	2257.6	2870.2	3497.8	4139.6	639.4	1245	1867.6	2505.4	3158.8	3828.6	4514.2	5216.6	5935.8	717.5	1352.3	2006.5	2677.5	3364.5	4099.5	4822.7	5563.3	6320.9	838.3	1501.9	2184.7	2884.5	3603.5	4340.7	5096.9	5872.7	6666.5	7746.1	8603.1	9476.5	10366.5	957.3	1663.9	2389.3	3133.7	3896.3	4679.3	5482.5	6304.1	7147.7	8017.7	8904.7	9812.3	10738.3	11683.5];
