%TyfocorLS
%Quelle: Technische Information des Herstellers de_2015

%Dichte
rho_TLS_T = [120 110 100 90 80 70 60 50 40 30 20 10 0 -10 -20];
rho_TLS_D = [959 969 977 986 993 1001 1008 1015 1021 1029 1034 1040 1045 1049 1053]; % [kg/m³]

%Wärmekapazität
cp_TLS_T = [120 110 100 90 80 70 60 50 40 30 20 10 0 -10 -20];
cp_TLS_D = [3.99 3.96 3.92 3.88 3.84 3.8 3.76 3.72 3.68 3.64 3.6 3.56 3.52 3.48 3.44]; % [kJ/kg.K]

%Wärmeleitfähigkeit thermal conductivity
c_TLS_T = [120 110 100 90 80 70 60 50 40 30 20 10 0 -10 -20];
c_TLS_D = [0.483 0.476 0.469 0.462 0.456 0.449 0.442 0.434 0.427 0.420 0.413 0.406 0.399 0.392 0.385]; % [W/m.K]

%Dampfdruck
vp_TLS_T = [200 190 180 170 160 150 140 130 120 11 100 90 80 70 60 50 40 30];
vp_TLS_D = [14.9 12.0 9.20 7.1 5.6 4.2 3.2 2.5 1.8 1.4 0.9 0.62 0.42 0.29 0.19 0.12 0.07 0.04];