%Wasser Wärmekapazität

T_water = [0:1:100];
cp_water = [4.21770000000000;4.21410000000000;4.21070000000000;4.20770000000000;4.20480000000000;4.20220000000000;4.19990000000000;4.19770000000000;4.19570000000000;4.19390000000000;4.19220000000000;4.19070000000000;4.18930000000000;4.18800000000000;4.18690000000000;4.18580000000000;4.18490000000000;4.18400000000000;4.18320000000000;4.18250000000000;4.18190000000000;4.18130000000000;4.18080000000000;4.18040000000000;4.18000000000000;4.17960000000000;4.17930000000000;4.17900000000000;4.17880000000000;4.17860000000000;4.17850000000000;4.17840000000000;4.17830000000000;4.17830000000000;4.17820000000000;4.17820000000000;4.17830000000000;4.17830000000000;4.17840000000000;4.17850000000000;4.17860000000000;4.17870000000000;4.17890000000000;4.17910000000000;4.17920000000000;4.17950000000000;4.17970000000000;4.17990000000000;4.18020000000000;4.18040000000000;4.18070000000000;4.18100000000000;4.18140000000000;4.18170000000000;4.18200000000000;4.18240000000000;4.18280000000000;4.18320000000000;4.18360000000000;4.18400000000000;4.18440000000000;4.18490000000000;4.18530000000000;4.18580000000000;4.18630000000000;4.18680000000000;4.18740000000000;4.18790000000000;4.18850000000000;4.18900000000000;4.18960000000000;4.19020000000000;4.19080000000000;4.19150000000000;4.19210000000000;4.19280000000000;4.19350000000000;4.19420000000000;4.19490000000000;4.19570000000000;4.19640000000000;4.19720000000000;4.19800000000000;4.19880000000000;4.19970000000000;4.20050000000000;4.20140000000000;4.20230000000000;4.20320000000000;4.20420000000000;4.20510000000000;4.20610000000000;4.20710000000000;4.20810000000000;4.20920000000000;4.21030000000000;4.21140000000000;4.21250000000000;4.21360000000000;4.21480000000000;4.21600000000000];

%plot (T_water,cp_water,'o')